

%BER for various sampling rates for avg PDP
rate1=[0.105560000000000,0.0864719999999999,0.0692450000000000,0.0544970000000000,0.0425750000000000,0.0325640000000000,0.0250710000000000,0.0183460000000000,0.0138350000000000,0.00996600000000000,0.00705800000000000,0.00479900000000000,0.00292700000000000,0.00175700000000000,0.000917000000000000,0.000457000000000000,0.000165000000000000,4.20000000000000e-05,1.50000000000000e-05,6.00000000000000e-06,1.00000000000000e-06,0,0,0,0,0,0,0,0,0,0];
rate2=[0.0872100000000000,0.0663000000000000,0.0472800000000000,0.0323370000000000,0.0205830000000000,0.0122040000000000,0.00657200000000000,0.00323600000000000,0.00127200000000000,0.000395000000000000,0.000117000000000000,2.20000000000000e-05,3.00000000000000e-06,0,0,0,0,0,0,0,0,0,0,0,0,0,0,0,0,0,0];
rate7=[0.0900200000000001,0.0685870000000000,0.0504460000000000,0.0352970000000000,0.0232100000000000,0.0140790000000000,0.00774700000000000,0.00386800000000000,0.00163100000000000,0.000526000000000000,0.000141000000000000,2.50000000000000e-05,2.00000000000000e-06,0,0,0,0,0,0,0,0,0,0,0,0,0,0,0,0,0,0];
rate4=[0.0790130000000001,0.0564940000000000,0.0379250000000000,0.0228910000000000,0.0125590000000000,0.00589200000000000,0.00248500000000000,0.000742000000000001,0.000192000000000000,3.20000000000000e-05,6.00000000000000e-06,0,0,0,0,0,0,0,0,0,0,0,0,0,0,0,0,0,0,0,0];


%BER for various sampling rates for all combinations
rate7samp=[0.100956000000000,0.0798010000000000,0.0618610000000000,0.0467670000000000,0.0338490000000000,0.0229270000000000,0.0145820000000000,0.00831900000000000,0.00413900000000000,0.00177600000000000,0.000696000000000001,0.000193000000000000,3.30000000000000e-05,7.00000000000000e-06,0,0,0,0,0,0,0,0,0,0,0,0,0,0,0,0,0;0.0783370000000000,0.0563050000000000,0.0374740000000000,0.0228680000000000,0.0123900000000000,0.00600400000000000,0.00239500000000000,0.000744000000000000,0.000203000000000000,3.70000000000000e-05,1.00000000000000e-06,0,0,0,0,0,0,0,0,0,0,0,0,0,0,0,0,0,0,0,0;0.0789350000000000,0.0570900000000000,0.0378960000000000,0.0235110000000000,0.0129700000000000,0.00637200000000000,0.00269000000000000,0.000933000000000001,0.000231000000000000,5.40000000000000e-05,5.00000000000000e-06,0,0,0,0,0,0,0,0,0,0,0,0,0,0,0,0,0,0,0,0;0.101634000000000,0.0821820000000000,0.0641470000000000,0.0488370000000000,0.0354220000000000,0.0241730000000000,0.0155100000000000,0.00920900000000000,0.00475900000000000,0.00213800000000000,0.000767000000000000,0.000241000000000000,4.20000000000000e-05,2.00000000000000e-06,0,0,0,0,0,0,0,0,0,0,0,0,0,0,0,0,0;0.0882340000000000,0.0670520000000000,0.0481690000000000,0.0334070000000000,0.0213320000000000,0.0128170000000000,0.00708800000000000,0.00345300000000000,0.00149900000000000,0.000497000000000000,0.000185000000000000,2.20000000000000e-05,2.00000000000000e-06,1.00000000000000e-06,0,0,0,0,0,0,0,0,0,0,0,0,0,0,0,0,0;0.0816760000000000,0.0597870000000000,0.0407760000000000,0.0261250000000000,0.0153510000000000,0.00782300000000000,0.00364200000000000,0.00148400000000000,0.000467000000000000,0.000119000000000000,2.20000000000000e-05,3.00000000000000e-06,1.00000000000000e-06,0,0,0,0,0,0,0,0,0,0,0,0,0,0,0,0,0,0;0.0811430000000000,0.0582910000000000,0.0397220000000000,0.0250880000000000,0.0144930000000000,0.00738100000000000,0.00330200000000000,0.00122100000000000,0.000374000000000000,9.20000000000000e-05,1.40000000000000e-05,2.00000000000000e-06,0,0,0,0,0,0,0,0,0,0,0,0,0,0,0,0,0,0,0;0.0880010000000000,0.0667810000000000,0.0479660000000000,0.0328120000000000,0.0211450000000000,0.0126330000000000,0.00672200000000000,0.00322800000000000,0.00130600000000000,0.000448000000000000,0.000105000000000000,1.80000000000000e-05,0,0,0,0,0,0,0,0,0,0,0,0,0,0,0,0,0,0,0;0.0796430000000000,0.0578410000000000,0.0389980000000000,0.0244250000000000,0.0138300000000000,0.00701400000000000,0.00296800000000000,0.00105600000000000,0.000325000000000000,6.70000000000000e-05,1.70000000000000e-05,1.00000000000000e-06,0,0,0,0,0,0,0,0,0,0,0,0,0,0,0,0,0,0,0;0.0923830000000000,0.0714400000000000,0.0527090000000000,0.0372280000000000,0.0252930000000000,0.0157100000000000,0.00896100000000000,0.00456500000000000,0.00212300000000000,0.000738000000000000,0.000196000000000000,4.50000000000000e-05,8.00000000000000e-06,0,0,0,0,0,0,0,0,0,0,0,0,0,0,0,0,0,0;0.0931020000000000,0.0719590000000000,0.0536490000000000,0.0384720000000000,0.0259530000000000,0.0165620000000000,0.00978700000000000,0.00521800000000000,0.00224800000000000,0.000871000000000000,0.000295000000000000,6.60000000000000e-05,1.20000000000000e-05,1.00000000000000e-06,0,0,0,0,0,0,0,0,0,0,0,0,0,0,0,0,0;0.0822950000000000,0.0605540000000000,0.0421860000000000,0.0267910000000000,0.0158120000000000,0.00869300000000000,0.00406800000000000,0.00172900000000000,0.000592000000000000,0.000154000000000000,3.30000000000000e-05,4.00000000000000e-06,1.00000000000000e-06,0,0,0,0,0,0,0,0,0,0,0,0,0,0,0,0,0,0;0.0936720000000000,0.0724860000000000,0.0540190000000000,0.0387050000000000,0.0261300000000000,0.0166930000000000,0.00998600000000000,0.00510200000000000,0.00236700000000000,0.000923000000000000,0.000274000000000000,5.60000000000000e-05,1.00000000000000e-05,1.00000000000000e-06,0,0,0,0,0,0,0,0,0,0,0,0,0,0,0,0,0;0.0805900000000000,0.0580370000000000,0.0394450000000000,0.0247240000000000,0.0139840000000000,0.00714300000000000,0.00311300000000000,0.00109900000000000,0.000342000000000000,8.80000000000000e-05,8.00000000000000e-06,2.00000000000000e-06,0,0,0,0,0,0,0,0,0,0,0,0,0,0,0,0,0,0,0;0.0783270000000000,0.0566970000000000,0.0379800000000000,0.0229640000000000,0.0123940000000000,0.00602200000000000,0.00252700000000000,0.000781000000000000,0.000219000000000000,2.40000000000000e-05,2.00000000000000e-06,0,0,0,0,0,0,0,0,0,0,0,0,0,0,0,0,0,0,0,0;0.0816050000000000,0.0596170000000000,0.0410780000000000,0.0258000000000000,0.0155140000000000,0.00801400000000000,0.00371800000000000,0.00145800000000000,0.000562000000000000,0.000139000000000000,3.90000000000000e-05,6.00000000000000e-06,0,0,0,0,0,0,0,0,0,0,0,0,0,0,0,0,0,0,0;0.0794380000000000,0.0571680000000000,0.0389010000000000,0.0236590000000000,0.0132810000000000,0.00653700000000000,0.00272800000000000,0.00102900000000000,0.000277000000000000,4.90000000000000e-05,1.00000000000000e-05,0,0,0,0,0,0,0,0,0,0,0,0,0,0,0,0,0,0,0,0;0.0876700000000000,0.0671000000000000,0.0481990000000000,0.0327390000000000,0.0213340000000000,0.0127390000000000,0.00712400000000000,0.00338100000000000,0.00146800000000000,0.000527000000000000,0.000125000000000000,2.90000000000000e-05,6.00000000000000e-06,1.00000000000000e-06,0,0,0,0,0,0,0,0,0,0,0,0,0,0,0,0,0;0.0944140000000000,0.0739950000000000,0.0556060000000000,0.0400910000000000,0.0279160000000000,0.0182770000000000,0.0107930000000000,0.00571800000000000,0.00264100000000000,0.00105800000000000,0.000327000000000000,7.70000000000000e-05,9.00000000000000e-06,0,0,0,0,0,0,0,0,0,0,0,0,0,0,0,0,0,0;0.0811260000000000,0.0586060000000000,0.0404330000000000,0.0254300000000000,0.0147700000000000,0.00767800000000000,0.00343500000000000,0.00122300000000000,0.000367000000000000,0.000107000000000000,1.90000000000000e-05,4.00000000000000e-06,0,0,0,0,0,0,0,0,0,0,0,0,0,0,0,0,0,0,0;0.0787290000000000,0.0563870000000000,0.0377210000000000,0.0230030000000000,0.0129150000000000,0.00614500000000000,0.00247100000000000,0.000820000000000000,0.000245000000000000,4.10000000000000e-05,8.00000000000000e-06,2.00000000000000e-06,0,0,0,0,0,0,0,0,0,0,0,0,0,0,0,0,0,0,0;0.0824560000000000,0.0600900000000000,0.0416330000000000,0.0266700000000000,0.0155760000000000,0.00839600000000000,0.00397600000000000,0.00157800000000000,0.000559000000000000,0.000124000000000000,3.70000000000000e-05,3.00000000000000e-06,0,0,0,0,0,0,0,0,0,0,0,0,0,0,0,0,0,0,0;0.0871800000000000,0.0655850000000000,0.0472230000000000,0.0317570000000000,0.0203660000000000,0.0118030000000000,0.00647200000000001,0.00296800000000000,0.00114800000000000,0.000376000000000000,8.30000000000000e-05,1.40000000000000e-05,3.00000000000000e-06,